-0.0001518918 -0.02828587 -0.05856063
-0.0001356417 -0.0307466 -0.06022805
-0.0001721676 -0.02532018 -0.05740002
-0.0001952715 -0.02279403 -0.05716192
-0.0002174419 -0.02056208 -0.0576389
-0.0002441944 -0.01768848 -0.06145892
-0.0002752749 -0.01293988 -0.06643467
-0.0002971673 -0.008332473 -0.06839935
-0.0003122945 -0.002500171 -0.0682551
-0.000317921 0.002320898 -0.06557295
-0.0003113216 0.006237003 -0.06242113
-0.0002831367 0.009749033 -0.05931548
-0.0002397162 0.01333948 -0.0562741
-0.0001931148 0.01731533 -0.05340184
-0.0001357156 0.0208908 -0.05064434
-1.371678E-05 0.03131027 -0.04657105
2.595207E-05 0.03639243 -0.04691542
8.384872E-05 0.04522182 -0.04897325
0.0001104816 0.05410688 -0.04958035
0.0001109698 0.06183805 -0.04873088
9.996848E-05 0.09206524 -0.03879533
-0.0001119484 -0.0328235 -0.06190735
-8.11025E-05 -0.03581726 -0.06217934
-5.431707E-05 -0.03901459 -0.06025102
-4.52292E-05 -0.04096942 -0.0557829
0.0003861309 -0.06677689 -0.04905161
0.0003651849 -0.07078064 -0.05111472
0.0003571291 -0.0740587 -0.05132165
0.000353634 -0.07702753 -0.05025782
0.0003443837 -0.07828128 -0.04797517
0.0003388256 -0.07922287 -0.04658074
0.0003346362 -0.07993291 -0.04478668
0.0003270386 -0.08151203 -0.04348983
0.0003172664 -0.08323381 -0.04249594
0.0003088046 -0.08596327 -0.04134683
0.0002966228 -0.09030032 -0.0401843
-7.410291E-05 0.02545217 -0.04784423
-0.0002576903 -0.01586715 -0.06385394
-0.0002326371 -0.019074 -0.05940542
0.07925616 0.03699207 0.01553209
0.02788928 0.01929075 -0.039123
0.03130525 0.01910375 -0.03914351
0.03465898 0.01956406 -0.03885721
0.04422642 0.02066109 -0.03478165
0.04173704 0.02040218 -0.03623211
0.03822445 0.02011173 -0.03783682
0.04832978 0.02434098 -0.03132925
0.02473014 0.01987753 -0.03892351
0.02195357 0.02099141 -0.03874309
0.01487994 0.01400943 -0.04351496
0.03411407 0.03123042 -0.0413395
0.03054932 0.03134293 -0.04180359
0.02709574 0.03131983 -0.04102834
0.04091236 0.0298523 -0.03869535
0.03747354 0.0306651 -0.04042117
0.04353534 0.02893512 -0.03667843
0.04612339 0.02762982 -0.0337921
0.07644683 0.01150251 0.02471869
0.03684804 -0.05975976 -0.03264671
0.04114126 -0.06070282 -0.02960028
0.04647725 -0.06184622 -0.02362161
0.05859 -0.04927888 -0.01276711
0.02502599 -0.03752138 -0.04722909
0.02754228 -0.03378192 -0.04582704
0.03087484 -0.02996358 -0.04425219
0.02786797 -0.02449242 -0.04564102
0.01091031 -0.01698162 -0.05460024
0.01267964 -0.01433307 -0.05603246
0.0115226 -0.01569261 -0.05482483
0.0114167 -0.01297319 -0.05442459
0.008979908 -0.02867384 -0.05744436
0.007852748 -0.01155603 -0.06257795
0.0056145 -0.01035484 -0.06081278
0.00372561 -0.01474226 -0.05952536
0.00354701 -0.01390345 -0.05829916
0.003498864 -0.01589683 -0.06038089
0.004409324 -0.01925915 -0.05646702
0.005796221 -0.01739742 -0.05611996
0.006077151 -0.01594186 -0.05523196
0.01088365 -0.01182982 -0.05711248
0.01234778 -0.01280318 -0.05833077
0.01020782 -0.01201779 -0.06023119
0.01318964 -0.01011987 -0.06056627
0.004490371 -0.02808157 -0.0585434
0.02075662 -0.03703412 -0.05101782
0.01744774 -0.03332471 -0.0536986
0.01244626 -0.02640815 -0.05463258
0.01038153 -0.01883858 -0.05382036
0.007948976 -0.02526695 -0.05619486
0.01351456 -0.03076689 -0.0558369
0.004935717 -0.03015335 -0.05981723
0.009653301 -0.03115658 -0.05855114
0.005012658 -0.03229683 -0.06106032
0.004463143 -0.03948779 -0.05904638
0.009973761 -0.0339646 -0.05922106
0.007710421 -0.04032541 -0.05763906
0.0138327 -0.03658295 -0.05703657
0.0107202 -0.04189709 -0.05526939
0.01382467 -0.03368188 -0.05669164
0.01722985 -0.03653971 -0.05421705
0.02012698 -0.03982917 -0.0511926
0.02385392 -0.04050214 -0.04755557
0.02251828 -0.04264287 -0.04788831
0.01634989 -0.04721286 -0.04701548
0.02106046 -0.04516763 -0.04787806
0.01302817 -0.04362587 -0.05292382
0.01467026 -0.04548056 -0.05015171
0.01907996 -0.04247547 -0.05099508
0.01674245 -0.03971541 -0.05415227
0.03278449 -0.05908829 -0.03482352
0.02696274 -0.05901669 -0.03882432
0.02958752 -0.05897579 -0.0369647
0.03340905 -0.06504109 -0.03262021
0.03688455 -0.06735004 -0.02965856
0.03226817 -0.07293952 -0.03044634
0.02514188 -0.06285767 -0.03924238
0.02134023 -0.06669348 -0.04170453
0.02089735 -0.05848588 -0.0425204
0.02474098 -0.05899763 -0.04032537
0.02331612 -0.06275066 -0.04079207
0.0201684 -0.0613029 -0.04333839
0.01560443 -0.06189071 -0.04552639
0.01910287 -0.06454764 -0.04462801
0.0202725 -0.06602559 -0.04334253
0.002195677 -0.01708878 -0.06109372
0.006345031 -0.0118854 -0.06440479
0.003568714 -0.01267162 -0.06576488
0.004364697 -0.008535258 -0.06727678
0.007717954 -0.00872355 -0.06520369
0.004681903 -0.00289171 -0.06685336
0.07754677 0.04772104 0.007888198
0.03605994 0.08794151 -0.03169858
0.05566182 0.03071785 -0.02921433
0.01767897 0.007823431 -0.04458411
0.01829018 0.01104104 -0.04286774
0.01401431 0.00735245 -0.04753558
0.01361029 0.003847148 -0.04953247
0.01509948 -0.005123754 -0.05630175
0.02004412 0.001420749 -0.04532495
0.01765003 -0.004990458 -0.04803125
0.01720069 -0.0096588 -0.05593472
0.0148822 -0.007508961 -0.05865079
0.01519325 -0.01216053 -0.05765345
0.01715712 -0.006981732 -0.05421852
0.01697777 0.004337757 -0.04624194
0.02102777 0.005096954 -0.04393141
0.02176751 0.008670807 -0.04241161
0.03223365 -0.02004705 -0.04540521
0.03500997 -0.02640323 -0.04383685
0.04009743 -0.02208947 -0.04277436
0.03711544 -0.01472281 -0.04460668
0.04269911 -0.007656514 -0.04206523
0.0509777 -0.005795054 -0.03830769
0.04883766 0.002569788 -0.03856876
0.0421668 0.00182674 -0.04054653
0.05486435 0.004547372 -0.03535207
0.004528508 0.001550307 -0.06436725
0.004487812 0.01213288 -0.05529315
0.00451606 0.01588452 -0.05247514
0.02656173 0.05496635 -0.04715345
0.01448113 0.01083087 -0.04553958
0.03511484 0.04168895 -0.04311612
0.05369364 0.04874981 -0.03408952
0.03986584 0.04060307 -0.0417941
0.04902854 0.03650524 -0.0365775
0.05284769 0.03403103 -0.03289318
0.05920192 0.03149681 -0.02652211
0.0738272 0.05840906 0.001017529
0.0141396 0.03724264 -0.04373325
0.02336319 0.03072176 -0.0402872
0.02303175 0.04084399 -0.04410387
0.0207464 0.02961296 -0.03925612
0.02833235 -0.05190497 -0.04042606
0.03016577 -0.05113408 -0.03975775
0.03226461 -0.04999305 -0.03873601
0.03594388 -0.04806991 -0.03665825
0.03959491 -0.04638343 -0.03552181
0.0432373 -0.04399208 -0.03405235
0.06741456 0.008769802 -0.02221541
0.04180913 -0.02963453 -0.03993685
0.03734749 -0.03298637 -0.04127118
0.03304197 -0.03675072 -0.04180208
0.03019638 -0.03919024 -0.0432525
0.02778279 -0.04194948 -0.04431049
0.02630887 -0.04375426 -0.04460023
0.02467902 -0.04588833 -0.04471249
0.02302424 -0.04770055 -0.04479883
0.01802749 -0.04930865 -0.04445854
0.02684769 -0.05252398 -0.04090337
0.01974742 -0.05420576 -0.04131226
0.02487925 -0.05314234 -0.04143222
0.03011213 -0.06373018 -0.0350996
0.02736291 -0.06294367 -0.03735488
0.02708612 -0.06835616 -0.03592372
0.02282061 -0.06708506 -0.04010608
0.02476834 -0.06743506 -0.03819943
0.02962923 -0.06994639 -0.03353618
0.04966121 0.04412075 -0.03753453
0.05417518 0.04108097 -0.03373275
0.05807425 0.04405034 -0.02963809
0.06117296 0.03876014 -0.02551898
0.05732021 0.03700025 -0.02981299
0.01798982 -0.01321036 -0.05242608
0.01603451 -0.01372696 -0.05544195
0.01775095 -0.01506273 -0.05068787
0.02437973 -0.02896317 -0.04764557
0.01567561 -0.01546583 -0.05412718
0.02935053 0.04216936 -0.04409563
0.07262757 -0.02285852 0.02383595
0.034421 0.05474675 -0.04468112
0.04144976 0.05356624 -0.04174525
0.04611493 0.08423046 -0.02646216
0.05505414 0.07937966 -0.02047459
0.0690155 0.06531726 -0.006765212
0.07504473 0.033234 -0.001263307
0.07188684 0.04202363 -0.006724762
0.06844847 0.05232168 -0.01194278
0.06296064 0.0588521 -0.01903485
0.04955512 0.06882355 -0.03060652
0.04097559 0.07190068 -0.03603468
0.03174426 0.0742154 -0.0403225
0.0686385 0.04187192 -0.01335215
0.06475905 0.04906423 -0.01872288
0.06002043 0.0555705 -0.02418863
0.04669471 0.06377099 -0.03494211
0.03856914 0.06610258 -0.03964792
0.02985206 0.06748255 -0.04332094
0.06538033 0.04067237 -0.01929386
0.06172948 0.04706413 -0.02398927
0.05710383 0.05284815 -0.02901424
0.04443443 0.05928307 -0.03834768
0.03680893 0.061152 -0.04231062
0.02848871 0.0621447 -0.04558768
0.01919428 0.0622994 -0.04776488
0.06369343 0.03186842 -0.02203398
0.06570631 0.0251164 -0.01962002
0.07180606 0.03241897 -0.009473323
0.004818901 -0.03625574 -0.06106892
0.009001021 -0.03761207 -0.05921685
0.01266434 -0.03975775 -0.05672621
0.01473622 -0.04247512 -0.05366727
0.01671087 -0.04481455 -0.05042874
0.01807232 -0.04702162 -0.04766626
0.02006374 -0.04904475 -0.0451965
0.02217032 -0.0538786 -0.04182981
0.01911449 -0.05828372 -0.04321448
0.01733544 -0.06298746 -0.04558808
0.01390645 -0.0612263 -0.04431706
0.01515463 -0.05969442 -0.04264033
0.01837458 -0.05403054 -0.04020652
0.0172344 -0.04871682 -0.0423297
0.01566368 -0.04661729 -0.04494853
0.01376742 -0.04465378 -0.04785991
0.01173084 -0.0431091 -0.0505437
0.009301842 -0.0419935 -0.05252377
0.006518037 -0.04152426 -0.05420288
0.003369553 -0.04119788 -0.05542234
0.007337833 -0.08504914 -0.04072317
0.006275583 -0.08078936 -0.04305641
0.005875934 -0.07943364 -0.04441296
0.005618496 -0.07849178 -0.04630441
0.005632109 -0.07753772 -0.04776966
0.005669016 -0.07614852 -0.04988866
0.005462552 -0.07355428 -0.05112929
0.005054752 -0.07024303 -0.05117033
0.00436056 -0.06659091 -0.04933764
0.01371627 -0.08308667 -0.03904852
0.01188767 -0.07909881 -0.04200705
0.0111715 -0.07781354 -0.04359244
0.01064592 -0.07688978 -0.04544125
0.01040712 -0.07595792 -0.04706228
0.01040116 -0.0744896 -0.04896788
0.01004172 -0.07192205 -0.0501393
0.009236721 -0.06877116 -0.05022897
0.007719061 -0.06590297 -0.04879982
0.01249233 -0.06264237 -0.04626621
0.01414227 -0.06390321 -0.04714788
0.0157376 -0.06567027 -0.04710943
0.01718685 -0.06776679 -0.04617659
0.01782153 -0.06964526 -0.0447675
0.01865126 -0.07058945 -0.04296333
0.01875577 -0.002276395 -0.04642687
0.01961651 -0.07965547 -0.03689183
0.01701244 -0.07612646 -0.04072344
0.01595788 -0.07507708 -0.04242628
0.01515673 -0.07418828 -0.04419626
0.01460678 -0.07325573 -0.04602689
0.01433748 -0.07152799 -0.04769052
0.01341832 -0.06895371 -0.04873775
0.01215938 -0.06616189 -0.04878736
0.01040673 -0.06426467 -0.04785573
0.02191852 -0.03316099 -0.0498804
0.01843815 -0.01093841 -0.0493973
0.003794182 -0.02532418 -0.05729951
0.01787852 -0.01128356 -0.05411435
0.0739873 -0.01238063 0.02334275
0.01744189 -0.0279166 -0.05205622
0.01481619 -0.01753437 -0.05296811
0.01826442 -0.008797674 -0.05242461
0.01355022 0.0003394668 -0.05165761
0.004437551 0.008506862 -0.05822295
0.01431375 -0.002827607 -0.05405263
0.004496676 0.005159576 -0.06126631
0.0159177 -0.002260485 -0.0494572
0.01617461 0.0008379398 -0.04777446
0.01618816 -0.05789895 -0.04143891
0.01744757 -0.05801455 -0.04276432
0.006700706 -0.02133786 -0.05539997
0.01418339 -0.01927233 -0.05176023
0.02092627 -0.02395315 -0.0485314
0.02446139 -0.01946791 -0.04626166
0.02845753 -0.01460193 -0.04588269
0.017734 -0.01623653 -0.04942117
0.01911951 -0.01062032 -0.04766016
0.02140339 -0.006111391 -0.04590976
0.01775481 -0.007026478 -0.05010159
0.01653854 -0.004837081 -0.05182859
0.02347202 -0.001711122 -0.04493571
0.0249258 0.002493583 -0.04350248
0.02577819 0.006515666 -0.04201567
0.03227621 -0.009188487 -0.0452048
0.03524481 -0.003212765 -0.04348931
0.03588002 0.00298727 -0.0414263
0.003244041 -0.02248243 -0.05675458
0.002402645 -0.02011634 -0.05719417
0.01853562 -0.01075484 -0.05145594
0.04477927 0.03904863 -0.0396207
0.0383131 0.04787099 -0.04325713
0.03195712 0.04860866 -0.0451319
0.02487768 0.04856034 -0.04671708
0.06246155 0.07361285 -0.01408188
0.05699193 0.06459995 -0.0248476
0.05394415 0.06013062 -0.02984922
0.05125346 0.05647599 -0.03406261
0.04799436 0.05135694 -0.03824838
0.04413909 0.04610307 -0.04077652
0.01982428 -0.07132377 -0.04122277
0.02141955 -0.07208147 -0.03935225
0.02325396 -0.07322843 -0.03732504
0.0182706 -0.07758772 -0.03891023
0.02520744 -0.07483411 -0.03487395
0.02727405 -0.07793191 -0.03218983
0.02126175 -0.08297969 -0.03468498
0.01509269 -0.086756 -0.0373279
0.008157494 -0.0892703 -0.03948675
0.01261062 -0.08082283 -0.04062636
0.006707539 -0.08248498 -0.04200611
0.006811282 0.03689425 -0.0458738
0.01698324 0.0465238 -0.04765584
0.01805956 0.05429884 -0.04875139
0.02012388 0.06763012 -0.04604853
0.02141962 0.07489995 -0.04359519
0.02462742 0.09053489 -0.03560667
0.06166632 0.0132666 -0.02731146
0.05806409 -0.003717683 -0.03322945
0.06179107 0.01956079 -0.02420982
0.04661876 0.02114337 -0.0330929
0.01828661 0.02731718 -0.03851721
0.01717849 0.02429954 -0.03838484
0.009636384 0.02852475 -0.04221613
0.005255942 0.03053027 -0.04510936
0.007992813 0.01342991 -0.05075538
0.008350141 -0.0004475546 -0.06189957
0.008233989 0.002872315 -0.05905572
0.007957237 0.009813203 -0.05334305
0.008063169 0.006232903 -0.05613609
0.008055401 0.02184608 -0.04512729
0.007984613 0.01730471 -0.04794349
0.01101317 0.01048541 -0.04899539
0.01084408 0.006864406 -0.05139985
0.01117411 0.01762042 -0.04417241
0.01114173 0.01406855 -0.04665572
0.008357758 -0.004149157 -0.06422217
0.01169144 -0.005744129 -0.06130228
0.01067886 -0.008729258 -0.06270573
0.06744096 0.0174033 -0.01951839
0.07537278 -0.001887873 0.02354856
0.05482443 0.01305666 -0.03256302
0.05117008 0.01032197 -0.03558949
0.04639017 0.008625012 -0.03785726
0.04095337 0.007906605 -0.03920037
0.0356736 0.008197575 -0.03998626
0.03071746 0.009195333 -0.0403961
0.02632952 0.0104114 -0.04055537
0.02255257 0.01206211 -0.04074239
0.0191348 0.01412918 -0.04106734
0.01564098 0.01682853 -0.04159868
0.004624094 0.02004823 -0.04935108
0.05652793 0.01677822 -0.02939245
0.05972393 0.007704057 -0.03114187
0.06516597 -0.0008511828 -0.02617695
0.06662071 -0.03479968 -0.008008935
0.05639156 -0.06962736 0.009444714
0.01827015 -0.05141612 -0.04059425
0.01956496 -0.0519196 -0.04206349
0.02235585 -0.05158126 -0.0428001
0.02502667 -0.05014223 -0.04259883
0.02661702 -0.04905081 -0.04246801
0.02822955 -0.04789519 -0.04207622
0.02992454 -0.04638729 -0.04165664
0.03214286 -0.04451762 -0.04069585
0.03505094 -0.04202688 -0.03929875
0.03920391 -0.03978647 -0.03814986
0.04307287 -0.03679991 -0.03680486
0.01727815 -0.05624527 -0.04074868
0.01839037 -0.05631889 -0.04178974
0.02044188 -0.05641557 -0.04227289
0.02259297 -0.05598231 -0.04153422
0.02663002 -0.05549952 -0.03992631
0.02832911 -0.05534437 -0.03911752
0.03132538 -0.05485737 -0.03739252
0.03494422 -0.05420428 -0.03520465
0.03889509 -0.05338969 -0.03359057
0.04299213 -0.05243549 -0.03129119
0.04771671 -0.05079803 -0.02721732
0.05712236 0.02133317 -0.02698308
0.04782604 0.02268283 -0.03182409
0.04740472 0.02643752 -0.03243186
0.05687964 0.02611433 -0.02694243
0.06113741 0.02591322 -0.02378349
0.008460066 0.04545747 -0.04847169
0.009062297 0.05425279 -0.04943993
0.009552689 0.06213324 -0.04859369
0.01000014 0.06717685 -0.04733034
0.01065012 0.07471231 -0.04527083
0.01234632 0.09177484 -0.03803569
0.020027 0.02237446 -0.03852847
0.004483763 0.02436015 -0.04683225
0.002775275 -0.01524885 -0.06347165
0.004466702 -0.01384426 -0.06249858
0.004498736 -0.01233927 -0.06201415
0.003789546 -0.01123943 -0.06095346
0.01180293 0.02127304 -0.04176733
0.03045148 0.004650519 -0.04180705
0.02960249 -0.0001360834 -0.04349745
0.02763313 -0.005044772 -0.04499036
0.024758 -0.01003676 -0.04584642
0.02154944 -0.01525136 -0.04663648
0.01827808 -0.01976912 -0.04853108
0.01487621 -0.02217243 -0.05141306
0.01083068 -0.02215985 -0.05369496
0.007837809 -0.01809903 -0.05512157
0.008241119 -0.01651802 -0.05465196
0.0092952 -0.01101664 -0.05884109
0.01177622 -0.002835418 -0.05908406
0.01115451 3.617215E-05 -0.0565301
0.0108972 0.003392462 -0.0538631
0.04542983 -0.01754101 -0.04046317
0.04735781 -0.02608747 -0.03731335
0.04793344 -0.03339913 -0.03413703
0.04780026 -0.04153202 -0.03086472
0.05264301 -0.01506445 -0.03578191
0.05297902 -0.02337768 -0.03329521
0.05285946 -0.03060325 -0.0303646
0.05851848 -0.02207926 -0.02819868
0.05886085 -0.01335605 -0.03061699
0.06463179 -0.0128143 -0.02417655
0.06329287 -0.02192747 -0.02234595
0.07220644 0.01476389 -0.01243249
0.07211775 0.005506916 -0.01406729
0.06449167 -0.03140657 -0.01511647
0.06271042 -0.04388614 -0.009619857
0.06166838 -0.06022041 0.01698224
0.0711527 -0.004454568 -0.01542997
0.07380998 -0.007141516 -0.005829895
0.0719349 -0.01669311 -0.00642511
0.07659981 0.02318529 0.001509172
0.07860599 0.02491822 0.02110938
0.06960107 -0.02604593 -0.006864872
0.06921589 -0.01460931 -0.01558156
0.0669083 -0.02369647 -0.01515309
0.07500711 0.003261856 -0.005334301
0.07528286 0.01325932 -0.005612823
0.07390319 0.02348491 -0.006466007
0.06839301 0.03236856 -0.01560301
0.0710265 0.0236374 -0.01288491
0.0616053 -0.02929693 -0.02099906
0.05337112 -0.05511082 -0.01789851
0.05301194 -0.04681583 -0.02254086
0.0528141 -0.03879043 -0.02675065
0.057892 -0.04252202 -0.01798739
0.05731406 -0.03608875 -0.02307265
0.0615444 -0.03774055 -0.01633724
0.05786954 -0.02936829 -0.02554865
0.06024564 -0.03430409 -0.02023377
0.001964775 -0.01854146 -0.0589082
0.003506367 -0.01755456 -0.0582756
0.004603407 -0.01622613 -0.05752999
0.004647427 -0.01486491 -0.05664394
-0.07903139 0.03670071 0.01559569
-0.02741264 0.01902302 -0.0388281
-0.03076531 0.01884542 -0.03887822
-0.03406889 0.01933242 -0.03865863
-0.04369586 0.02044082 -0.03472352
-0.0411668 0.02019462 -0.03614658
-0.03763124 0.01989845 -0.03770562
-0.04788653 0.02406374 -0.03137792
-0.02433204 0.01963374 -0.03867862
-0.02162892 0.0207861 -0.0386063
-0.01495423 0.01388815 -0.04343151
-0.03330997 0.03102381 -0.04116274
-0.02974571 0.03108496 -0.04148625
-0.02634428 0.03103573 -0.04060699
-0.04029584 0.02965555 -0.038721
-0.03674728 0.03047626 -0.04035864
-0.04300839 0.02870986 -0.03673624
-0.04566608 0.02735462 -0.03386037
-0.03660103 -0.06017157 -0.03257084
-0.04089192 -0.06111691 -0.02951604
-0.04620315 -0.06224719 -0.02348941
-0.05827847 -0.04963117 -0.01267318
-0.02500614 -0.03790365 -0.04734011
-0.02753917 -0.03414826 -0.04590061
-0.03085061 -0.03031791 -0.04421242
-0.02790244 -0.02477398 -0.04557838
-0.01128435 -0.01710806 -0.05464096
-0.01309488 -0.014472 -0.05603804
-0.01191016 -0.01582487 -0.0548514
-0.01183221 -0.01308922 -0.05444195
-0.009241797 -0.02880052 -0.05750142
-0.008382504 -0.01164934 -0.06256337
-0.006128992 -0.01043704 -0.06079971
-0.004225068 -0.01478837 -0.05955454
-0.004049184 -0.01395082 -0.05833123
-0.003996825 -0.01593609 -0.06040645
-0.0048523 -0.01932312 -0.05650808
-0.006246475 -0.01746796 -0.05617474
-0.006524938 -0.01600744 -0.05529092
-0.01134716 -0.01195283 -0.05710607
-0.01281362 -0.01293217 -0.05831428
-0.01070798 -0.01213243 -0.06021088
-0.01369115 -0.01024 -0.06054517
-0.004796577 -0.02815268 -0.05856098
-0.02079303 -0.03736473 -0.05114366
-0.01758021 -0.03357572 -0.05383844
-0.01269317 -0.02655896 -0.05473442
-0.01073123 -0.01896905 -0.05386867
-0.008249239 -0.02537762 -0.05624536
-0.01372009 -0.0309504 -0.05594759
-0.005215083 -0.03022877 -0.05984356
-0.009883498 -0.03129473 -0.05861684
-0.00525347 -0.03237453 -0.06107973
-0.004563468 -0.03957794 -0.05901715
-0.01016222 -0.03413035 -0.05926325
-0.007788287 -0.04047347 -0.05758895
-0.01395032 -0.03681144 -0.05708086
-0.01074005 -0.04211134 -0.05520403
-0.01399441 -0.03388345 -0.0567912
-0.01731185 -0.03681101 -0.0543113
-0.02011774 -0.04017179 -0.05126444
-0.02380505 -0.04090042 -0.04763606
-0.02245321 -0.04303666 -0.04791783
-0.01620959 -0.04755794 -0.04696538
-0.02097968 -0.04556386 -0.04784869
-0.01298698 -0.04388245 -0.05285937
-0.01457093 -0.045779 -0.05008984
-0.01902804 -0.04282461 -0.05099619
-0.01676538 -0.04000549 -0.05417479
-0.03254919 -0.05949852 -0.03477452
-0.02672347 -0.05942347 -0.03888352
-0.02935408 -0.05938586 -0.03698055
-0.03313992 -0.0653934 -0.03262065
-0.03660588 -0.06769753 -0.02965215
-0.0319632 -0.07320947 -0.03051401
-0.02485626 -0.06321615 -0.03934824
-0.02095325 -0.06696709 -0.04184412
-0.02056913 -0.0588414 -0.04259238
-0.02447916 -0.05938781 -0.04040833
-0.02300434 -0.06309039 -0.04092107
-0.01978394 -0.06158704 -0.04344469
-0.01510902 -0.0621448 -0.04558287
-0.01863238 -0.06474739 -0.04473089
-0.01984512 -0.06626157 -0.04347744
-0.002687918 -0.01711411 -0.06110963
-0.006894903 -0.0119473 -0.06440718
-0.004119254 -0.01270037 -0.06576899
-0.004948702 -0.008574984 -0.06728217
-0.008288091 -0.008794713 -0.06520839
-0.005289648 -0.00292971 -0.06685712
-0.0773276 0.04744577 0.007965248
-0.03585982 0.08775921 -0.03155906
-0.05536613 0.03044098 -0.02920444
-0.01780309 0.007676768 -0.04446427
-0.01833098 0.0108815 -0.042724
-0.01426814 0.007249943 -0.04747781
-0.01394922 0.003756188 -0.04949208
-0.01557969 -0.005234065 -0.05628933
-0.02016623 0.001255244 -0.0451667
-0.01789003 -0.005135906 -0.04793798
-0.01762813 -0.009800045 -0.05591184
-0.01537629 -0.007626145 -0.05863259
-0.01563913 -0.012297 -0.05763301
-0.01757923 -0.007114107 -0.05419491
-0.01717181 0.004200638 -0.04613599
-0.02109593 0.004921988 -0.04375685
-0.02177908 0.008484405 -0.04221281
-0.03221542 -0.02032565 -0.04519023
-0.03495589 -0.02674149 -0.0436877
-0.04002473 -0.0224084 -0.04253104
-0.03706092 -0.01500902 -0.04429081
-0.04261895 -0.007951029 -0.04169757
-0.05085645 -0.00610761 -0.03793712
-0.04870073 0.002266609 -0.03819622
-0.04206022 0.00153808 -0.0401675
-0.05469804 0.004242923 -0.03502661
-0.005144272 0.001526196 -0.06438253
-0.00495183 0.01212452 -0.05531313
-0.004882308 0.0158743 -0.05249501
-0.02631693 0.05475839 -0.04702507
-0.01464461 0.01071666 -0.04547011
-0.03480603 0.04141628 -0.04288068
-0.0534972 0.04846696 -0.03400649
-0.03954802 0.04032519 -0.04158672
-0.04870886 0.03622786 -0.03648755
-0.05254081 0.03375084 -0.03286789
-0.05895504 0.03122811 -0.02646022
-0.07361277 0.05814977 0.001112202
-0.01397113 0.03710082 -0.04359758
-0.02275039 0.03048901 -0.03986984
-0.022772 0.04062455 -0.04388982
-0.02027723 0.02943625 -0.03892353
-0.02816902 -0.05239875 -0.04037915
-0.03000905 -0.05162395 -0.03969517
-0.03210635 -0.05047376 -0.03864094
-0.03577221 -0.04855597 -0.03652157
-0.03942955 -0.04687366 -0.03541015
-0.04307944 -0.04445954 -0.03391928
-0.06724486 0.008478644 -0.0220471
-0.04171983 -0.03002102 -0.03976202
-0.03726328 -0.03340772 -0.04117201
-0.03294883 -0.03720163 -0.04176204
-0.03012751 -0.03963414 -0.04325841
-0.02769909 -0.04239346 -0.04432756
-0.02621157 -0.04419687 -0.04459572
-0.02457275 -0.04632515 -0.04466809
-0.02291442 -0.04813084 -0.04471343
-0.01786249 -0.0496922 -0.0444014
-0.02666484 -0.05301317 -0.04086101
-0.01951895 -0.05463652 -0.04127711
-0.0246721 -0.0536278 -0.04138437
-0.02985212 -0.06408942 -0.03512929
-0.02709856 -0.06330241 -0.03742797
-0.02678324 -0.06865901 -0.03600342
-0.02246541 -0.06738574 -0.04023569
-0.02444107 -0.06774455 -0.03830766
-0.02933544 -0.0702355 -0.03359886
-0.04939202 0.04383612 -0.03741055
-0.05393464 0.04080014 -0.0336335
-0.05789272 0.04378081 -0.02956173
-0.06098837 0.03848923 -0.02544102
-0.05708926 0.03672841 -0.02974731
-0.0183106 -0.01338084 -0.05240583
-0.01642927 -0.01387984 -0.05543424
-0.01801373 -0.01524534 -0.05065799
-0.02444863 -0.0292469 -0.04772744
-0.01603017 -0.01562717 -0.05413049
-0.02905378 0.04191561 -0.04386531
-0.03417156 0.05449774 -0.04455245
-0.04120991 0.0532908 -0.04162449
-0.04591085 0.08401895 -0.02631515
-0.05484527 0.07915286 -0.02033057
-0.06880607 0.0650643 -0.006659702
-0.06521028 0.04040131 -0.01921711
-0.06157062 0.04679215 -0.02392717
-0.05694104 0.0525846 -0.02895249
-0.04423175 0.05902342 -0.03825794
-0.03659066 0.06091423 -0.04220642
-0.02826669 0.06194707 -0.04548157
-0.01897058 0.06216219 -0.04767855
-0.06348955 0.03159587 -0.02194081
-0.06548876 0.02484205 -0.01951429
-0.00497755 -0.03634875 -0.06104761
-0.009127093 -0.03777885 -0.05919002
-0.01272573 -0.03999628 -0.0566891
-0.01472258 -0.04275199 -0.05361271
-0.01663404 -0.04513318 -0.05036864
-0.01795944 -0.04738022 -0.04760246
-0.01993858 -0.04944872 -0.0451223
-0.02193618 -0.05433924 -0.04177504
-0.01877023 -0.05863449 -0.04327264
-0.01805665 -0.060847 -0.04433405
-0.01685773 -0.06321587 -0.04567618
-0.01338446 -0.06147842 -0.04437051
-0.01471051 -0.05998708 -0.0426865
-0.01811986 -0.0544387 -0.04019482
-0.01702538 -0.04908668 -0.04232916
-0.01548848 -0.04696132 -0.04493594
-0.01364158 -0.04494483 -0.04784722
-0.01167075 -0.04334783 -0.05051662
-0.009302542 -0.04218255 -0.0524876
-0.006560975 -0.04166477 -0.054173
-0.003442785 -0.04130078 -0.05540229
-0.006736405 -0.08510493 -0.04078817
-0.005642856 -0.08084508 -0.04310155
-0.005226747 -0.079482 -0.0444457
-0.004959815 -0.07854077 -0.04633109
-0.004963963 -0.07758895 -0.0477934
-0.004986101 -0.07619595 -0.04990544
-0.004765157 -0.0735997 -0.05113913
-0.004340481 -0.07030103 -0.05117439
-0.003611731 -0.06667541 -0.04933099
-0.01317011 -0.08319181 -0.03917037
-0.0112974 -0.07921074 -0.04209622
-0.01056175 -0.07791867 -0.04366529
-0.010026 -0.07699557 -0.04550347
-0.009774685 -0.07605557 -0.04711666
-0.009750212 -0.0745724 -0.04900789
-0.009374084 -0.07200141 -0.05016835
-0.008547742 -0.06887137 -0.05024718
-0.006996945 -0.066032 -0.04879975
-0.01189374 -0.06286136 -0.04631263
-0.01357124 -0.0641127 -0.04720339
-0.01519401 -0.06584652 -0.04719169
-0.01666128 -0.06792797 -0.0462699
-0.01732976 -0.06983551 -0.0448888
-0.01818381 -0.07080773 -0.04309133
-0.01894048 -0.002430769 -0.04629804
-0.01916769 -0.07982472 -0.03703053
-0.01649507 -0.07630768 -0.04084019
-0.01541862 -0.07524789 -0.04253513
-0.01460388 -0.07435331 -0.04429631
-0.01403545 -0.07340015 -0.0461168
-0.01374312 -0.07164718 -0.0477582
-0.01280833 -0.0690798 -0.04879655
-0.01152297 -0.06632362 -0.04883011
-0.009738866 -0.06444773 -0.04788082
-0.02198322 -0.03346535 -0.05002322
-0.01868099 -0.01111247 -0.04934053
-0.004134806 -0.02538481 -0.05731788
-0.01825814 -0.01143838 -0.05409369
-0.07377328 -0.01265538 0.02332722
-0.01760657 -0.02812939 -0.05218104
-0.01513046 -0.0177011 -0.05298437
-0.01862589 -0.008945731 -0.05239324
-0.01395983 0.0002523466 -0.05163113
-0.004984382 0.00850067 -0.05824719
-0.01477493 -0.002924224 -0.05403586
-0.005099423 0.005145108 -0.06129174
-0.01624316 -0.002377284 -0.04939514
-0.01644267 0.0007156159 -0.04769043
-0.01581107 -0.05823312 -0.04147317
-0.01709044 -0.05836295 -0.0428017
-0.007074101 -0.02142575 -0.05545191
-0.01445413 -0.01944471 -0.05178805
-0.02105073 -0.02418054 -0.04857512
-0.02453222 -0.01970554 -0.04616127
-0.02847674 -0.01484859 -0.0456387
-0.01794506 -0.01643001 -0.04939406
-0.01929136 -0.01080279 -0.04756548
-0.02151878 -0.006297888 -0.04573069
-0.01806593 -0.007173787 -0.05004764
-0.01692234 -0.004961623 -0.0517908
-0.0235261 -0.001910139 -0.04471076
-0.02494299 0.002288364 -0.04326548
-0.02575105 0.006303027 -0.041765
-0.03224577 -0.009450751 -0.04486997
-0.03519059 -0.003480981 -0.04312811
-0.03579529 0.002726887 -0.04107637
-0.003638819 -0.0225309 -0.05678258
-0.002843672 -0.02015568 -0.05721696
-0.01885099 -0.01091893 -0.05142142
-0.04445505 0.03876478 -0.03946282
-0.0380438 0.04759446 -0.04308283
-0.03168982 0.04836016 -0.04496375
-0.02463017 0.04834578 -0.04656438
-0.06225071 0.07337565 -0.01395027
-0.0510725 0.05621116 -0.03399146
-0.04776308 0.05107827 -0.03814675
-0.04385868 0.04582693 -0.04063095
-0.01937824 -0.07156146 -0.0413513
-0.02100466 -0.07233097 -0.03947916
-0.02286499 -0.07347265 -0.03743149
-0.01777878 -0.07776435 -0.03903393
-0.02485323 -0.07506233 -0.03497706
-0.02693374 -0.07814187 -0.03230006
-0.02084503 -0.08313555 -0.03482751
-0.01458049 -0.08685913 -0.03745161
-0.007582 -0.08932562 -0.03954633
-0.01203789 -0.08092962 -0.04073841
-0.00608715 -0.08253831 -0.04206702
-0.006731795 0.03683596 -0.04583912
-0.01674177 0.04638253 -0.04751283
-0.01781565 0.05416267 -0.0486404
-0.02442848 0.09039652 -0.03549101
-0.06145303 0.01297547 -0.02715306
-0.05792378 -0.004035664 -0.03289989
-0.06154407 0.01928287 -0.02410789
-0.04614126 0.02090477 -0.03308246
-0.01797939 0.02719485 -0.03835767
-0.01695099 0.02418804 -0.03835875
-0.009617032 0.028438 -0.04218429
-0.005283082 0.03049278 -0.0451045
-0.008338279 0.01339527 -0.05076778
-0.008934082 -0.0005029918 -0.06191741
-0.008801469 0.002833495 -0.05908085
-0.008403127 0.009785535 -0.05336086
-0.008584318 0.006205543 -0.05615896
-0.008178831 0.02179393 -0.04513109
-0.008225496 0.01726323 -0.0479502
-0.01132014 0.0104201 -0.04897973
-0.0112468 0.006806363 -0.05139326
-0.01128196 0.01753452 -0.04414176
-0.01134957 0.01399099 -0.04663582
-0.00894227 -0.004218607 -0.06423106
-0.01223317 -0.005842375 -0.06129795
-0.01122 -0.008832168 -0.0626972
-0.0672425 0.01712657 -0.01938605
-0.0751629 -0.002179163 0.02356203
-0.05458005 0.01277012 -0.03238987
-0.05096112 0.01003857 -0.03533351
-0.04621013 0.008345676 -0.03754422
-0.04080219 0.007640743 -0.0388645
-0.03554254 0.007946768 -0.03965811
-0.03059872 0.008960114 -0.04009145
-0.02623633 0.01019991 -0.04028106
-0.0224834 0.01187219 -0.04050666
-0.01908082 0.01396118 -0.04088522
-0.01562731 0.01669922 -0.04149888
-0.004880316 0.02003129 -0.0493653
-0.05625375 0.01649003 -0.02929665
-0.0595408 0.007402286 -0.03090023
-0.06502385 -0.001164979 -0.02594604
-0.05625288 -0.06993458 0.009397499
-0.01802736 -0.05181215 -0.0405949
-0.01935287 -0.0523397 -0.042014
-0.02218208 -0.05203145 -0.04270932
-0.02487891 -0.05061401 -0.04250161
-0.02647741 -0.04953278 -0.04238176
-0.02810409 -0.04838321 -0.0419978
-0.02980818 -0.04687463 -0.04159424
-0.03202241 -0.04500746 -0.04062624
-0.03491808 -0.042526 -0.03921299
-0.03908696 -0.04028097 -0.03805957
-0.04294829 -0.03725204 -0.03666065
-0.01696282 -0.05661974 -0.04076621
-0.01808844 -0.05671167 -0.04180346
-0.02015069 -0.05682506 -0.04228787
-0.02232108 -0.05641212 -0.04154249
-0.02641899 -0.05595018 -0.03994394
-0.02812619 -0.05579876 -0.03912008
-0.03112444 -0.05531151 -0.03733863
-0.03473609 -0.05465512 -0.03507897
-0.0386825 -0.05384767 -0.03347
-0.04279014 -0.05289289 -0.03117173
-0.04748471 -0.0512352 -0.02705504
-0.05682186 0.02105774 -0.0269471
-0.04737053 0.02242198 -0.03184935
-0.04696164 0.02615002 -0.03249658
-0.0565793 0.02584065 -0.0269366
-0.0608849 0.02564534 -0.0237095
-0.008274467 0.04539437 -0.04841298
-0.008835752 0.05419078 -0.04937885
-0.00933144 0.06206717 -0.04853824
-0.0121424 0.09170341 -0.03796974
-0.01974725 0.0222055 -0.0384816
-0.004627771 0.02433617 -0.04684392
-0.003293882 -0.01527291 -0.0634797
-0.004989462 -0.01389014 -0.06250789
-0.005022713 -0.01239719 -0.06201759
-0.004308971 -0.01129798 -0.06095921
-0.0118122 0.02117683 -0.04172861
-0.0303937 0.00441482 -0.04150692
-0.0295778 -0.0003783295 -0.04319151
-0.02764126 -0.005274715 -0.04470313
-0.02481137 -0.01026047 -0.04561867
-0.02165729 -0.0154656 -0.04652649
-0.01843983 -0.01997741 -0.04852262
-0.01509841 -0.02234656 -0.05147907
-0.01112997 -0.02229601 -0.05376854
-0.00824309 -0.01819541 -0.05517805
-0.008649701 -0.01661106 -0.0547044
-0.009786884 -0.01112948 -0.05882799
-0.01231524 -0.002919538 -0.0590858
-0.01167849 -3.032932E-05 -0.05653642
-0.01138048 0.003338095 -0.05386772
-0.04534889 -0.01785972 -0.04016987
-0.04726725 -0.0264489 -0.03709915
-0.04778659 -0.03381681 -0.03395175
-0.04760534 -0.04196844 -0.03069374
-0.05253894 -0.01538487 -0.03549068
-0.05286746 -0.02371162 -0.03307046
-0.05267753 -0.0309756 -0.03016265
-0.05838965 -0.02240079 -0.0279994
-0.05873587 -0.01367747 -0.03033859
-0.06451014 -0.01313235 -0.02398033
-0.06314194 -0.02225198 -0.02218839
-0.06426322 -0.03174055 -0.01505368
-0.06243298 -0.04421769 -0.009575095
-0.07838637 0.0246137 0.02116312
-0.06820306 0.03209997 -0.01550493
-0.070838 0.02336918 -0.01277984
-0.06139226 -0.02963458 -0.02086583
-0.05306259 -0.0554951 -0.017746
-0.05273534 -0.04721302 -0.02236958
-0.05257339 -0.03919216 -0.02656922
-0.05760362 -0.04288534 -0.01786167
-0.05704696 -0.03646266 -0.02291535
-0.06126782 -0.03808667 -0.01624743
-0.05766772 -0.02971512 -0.02537569
-0.05998677 -0.03465818 -0.0201125
-0.00243605 -0.01857163 -0.0589266
-0.003986238 -0.01760172 -0.05830795
-0.005088874 -0.016279 -0.05757432
-0.005132266 -0.01491751 -0.05669369
0.07113083 -0.03127407 0.02377911
0.06777561 -0.04419194 0.02327014
-0.05074973 -0.07730617 0.001679769
-0.04510784 -0.08300368 -0.005143126
-0.03853249 -0.08894455 -0.01144034
-0.03230042 -0.0941877 -0.01666241
-0.02662391 -0.09804091 -0.0209739
-0.02225249 -0.1005237 -0.02360345
-0.01700461 -0.102995 -0.02617164
-0.008992735 -0.1055016 -0.0282567
0.009492836 -0.1054269 -0.0282274
0.01745721 -0.1029065 -0.02613051
0.02267031 -0.1004194 -0.02355983
0.02700377 -0.09791764 -0.0209352
0.03264275 -0.09403934 -0.0166264
0.03884045 -0.08875836 -0.01141628
0.0453747 -0.08275432 -0.005127821
0.05096034 -0.07702082 0.001703366
0.03427931 -0.08864319 -0.02032286
0.04061239 -0.08313592 -0.01565316
0.04722215 -0.07712914 -0.01067952
0.05319929 -0.07088962 -0.004875145
0.05862107 -0.06251487 0.0008779016
0.06409832 -0.05405169 0.007060346
0.0689052 -0.04295221 0.01142759
0.07228163 -0.03127305 0.01355406
0.07381757 -0.02182153 0.01469315
0.0751259 -0.01039665 0.01517844
0.04759708 -0.06893864 -0.0169694
0.05341419 -0.06279495 -0.01225344
0.05938213 -0.05610245 -0.006950743
0.06423344 -0.04812303 -0.002184857
0.06835332 -0.03919633 0.0005260632
0.07147908 -0.02972194 0.002087743
0.07374049 -0.01981005 0.002934247
0.07529511 -0.009018802 0.002949028
0.07647937 0.001275092 0.004396925
-0.07474937 0.04518981 0.0007109127
-0.07683551 0.03475315 0.006073591
-0.07768955 0.02387786 0.01166823
-0.02313808 -0.09710649 -0.02733339
0.07790014 0.02416463 0.01160458
0.07704563 0.03503317 0.006005063
0.07495803 0.04546055 0.0006345458
0.07134108 0.05435587 -0.005892981
0.06687467 0.06179889 -0.01199968
0.05989384 0.06905022 -0.01969933
0.05241783 0.07401486 -0.02593406
0.04360711 0.07795298 -0.03178079
0.03386297 0.08080188 -0.03683101
0.02299163 0.08237562 -0.04053161
0.01154159 0.0826735 -0.04260361
0.0001023474 0.08238723 -0.04339459
-0.01133742 0.08259538 -0.04253569
-0.02278799 0.08222784 -0.0404136
-0.03366175 0.08060749 -0.03669681
-0.04340693 0.07772809 -0.03164669
-0.05222092 0.07377826 -0.02580989
-0.05969672 0.0688044 -0.0195868
-0.06667148 0.06153863 -0.01190259
-0.07113293 0.05409003 -0.005801504
-0.07730822 0.01153402 0.01460749
-0.07624824 0.01118536 0.02476539
0.07640149 8.379055E-05 0.01530682
0.0775134 0.01182066 0.0145526
-0.03940987 -0.0712164 -0.02556381
-0.03361484 -0.07702264 -0.0273937
-0.02813966 -0.08243025 -0.02960758
-0.02223602 -0.08772678 -0.03281511
-0.01574749 -0.0919159 -0.03584234
-0.008275666 -0.09468687 -0.03810071
0.0003040416 -0.09559468 -0.03888113
0.008853014 -0.09463113 -0.03804467
0.01625336 -0.09180979 -0.03573329
0.02265473 -0.08757818 -0.03269672
0.02849786 -0.08223823 -0.02950282
0.03394051 -0.07677482 -0.02733434
0.03970239 -0.07088433 -0.02559331
-0.0165961 -0.09696705 -0.03350227
-0.008859103 -0.09977577 -0.03564407
0.009420049 -0.09971961 -0.03559922
0.01709544 -0.09686358 -0.03342242
0.02355337 -0.0925636 -0.03039131
0.02893861 -0.08768656 -0.02726361
0.03461037 -0.08231203 -0.02400212
0.04078931 -0.07649161 -0.02082687
-0.04028263 -0.08336923 -0.01564874
-0.03391963 -0.08882822 -0.02035904
-0.02841011 -0.09341007 -0.02416732
-0.01683156 -0.1006832 -0.03019945
-0.008957172 -0.1031162 -0.03232848
0.009492482 -0.1030525 -0.03229339
0.0173107 -0.1005853 -0.0301453
0.02356458 -0.09698276 -0.02727547
0.02879457 -0.09325835 -0.0241161
-0.07620508 -0.0001821343 0.01532705
-0.07491711 -0.01062081 0.01514264
-0.07361649 -0.02210792 0.01463132
-0.07208667 -0.03159783 0.01348155
-0.0686916 -0.04330343 0.01135004
-0.06385434 -0.05437832 0.007005227
-0.05835767 -0.0628328 0.0008784594
-0.05290344 -0.07120597 -0.004843401
-0.04691795 -0.0774227 -0.01063688
-0.07513338 -0.009277897 0.002961857
-0.07630372 0.001020375 0.004432221
-0.07649568 0.01327609 0.003293838
-0.07640082 0.02291017 0.001583256
-0.0748473 0.03296059 -0.001191698
-0.07169662 0.04175773 -0.00664807
-0.06825959 0.0520534 -0.01186183
-0.0627811 0.05859099 -0.01895751
-0.05681025 0.06434567 -0.02476267
-0.04936716 0.06857978 -0.03050543
-0.04077903 0.07167042 -0.03592181
-0.0315433 0.07401865 -0.04020611
-0.02121196 0.07475553 -0.04349026
-0.01044144 0.07463647 -0.04520927
0.0001041109 0.07430407 -0.04581626
0.0766808 0.01354318 0.003232549
-0.06639469 -0.0351218 -0.008003399
-0.06942622 -0.02636048 -0.006859288
-0.07180047 -0.01699656 -0.006394768
-0.0736815 -0.007426628 -0.005770345
-0.07486337 0.002992388 -0.005256012
-0.07511153 0.0129947 -0.005523459
-0.07372031 0.02321802 -0.006384598
-0.07161614 0.03214987 -0.009391413
-0.06846252 0.04160115 -0.01328162
-0.06459144 0.04879475 -0.01865537
-0.05985696 0.05530524 -0.0241295
-0.05377121 0.05986886 -0.02978421
-0.04650433 0.06352107 -0.03485413
-0.03836641 0.06586957 -0.0395467
-0.02964501 0.06728321 -0.04322154
-0.01991139 0.06749038 -0.04595798
-0.009784827 0.06710616 -0.04727585
0.0001079359 0.06672247 -0.04763821
-0.06673918 -0.02401645 -0.01508016
-0.06908848 -0.01492102 -0.01548186
-0.07103476 -0.004756663 -0.0153054
-0.07196406 0.005227312 -0.01394125
-0.07202698 0.01449518 -0.01231979
0.000263349 -0.1065081 -0.02891625
0.0002806527 -0.1042089 -0.03287051
0.0002958491 -0.1009918 -0.03631124
-0.02312603 -0.09270367 -0.03047609
-0.02856218 -0.08786092 -0.02734005
-0.03426162 -0.08253203 -0.02404808
-0.04047408 -0.0767813 -0.02079755
-0.04728815 -0.06928356 -0.01686001
-0.05310195 -0.06315026 -0.01214586
-0.05905538 -0.05643737 -0.006900048
-0.06396044 -0.04844548 -0.002201987
-0.06811418 -0.03951541 0.0004786371
-0.07126956 -0.03002806 0.002039159
-0.07355725 -0.02009638 0.00290945
-0.02763294 0.02228499 -0.03934922
-0.03071992 0.02188137 -0.03987417
-0.03430255 0.02224582 -0.03979515
-0.03782273 0.02301555 -0.03898207
-0.04073266 0.02386675 -0.03762824
-0.04291241 0.02465392 -0.03601193
-0.04377814 0.02510104 -0.03520368
-0.04438369 0.02538854 -0.03457509
-0.04469121 0.02570998 -0.03411855
-0.04356882 0.02592106 -0.03543765
-0.04240455 0.02626251 -0.0366599
-0.04103315 0.02655214 -0.0377191
-0.03867738 0.02714637 -0.03912906
-0.03571873 0.02789123 -0.04042352
-0.03271263 0.02825192 -0.04107799
-0.02966888 0.02839564 -0.04091329
-0.02694079 0.02832616 -0.0402096
-0.02459187 0.02809336 -0.03979109
-0.02265033 0.02785308 -0.03904105
-0.02039154 0.02641592 -0.03841419
-0.0183118 0.02455146 -0.03688295
-0.02063356 0.02415903 -0.03738401
-0.02271293 0.02369882 -0.03791396
-0.02505842 0.02293906 -0.03865349
0.0282153 0.0225407 -0.03959216
0.02554233 0.0231701 -0.03884184
0.02310123 0.02388905 -0.03800265
0.02095573 0.02431787 -0.03739633
0.01859317 0.02466792 -0.03688241
0.02077279 0.02657254 -0.03861229
0.02328994 0.02807652 -0.03944082
0.02543481 0.02836165 -0.04025436
0.02796791 0.02860437 -0.0406264
0.03080721 0.02861646 -0.04117738
0.03384349 0.0284034 -0.04112692
0.03676452 0.02802753 -0.04028758
0.03959611 0.02731463 -0.03890656
0.04183258 0.02676194 -0.03750182
0.04312987 0.02650216 -0.0364615
0.04422056 0.02618901 -0.03526077
0.04529321 0.02600541 -0.03394347
0.04500478 0.02566029 -0.03443707
0.04444087 0.02535639 -0.0350769
0.04360142 0.02489322 -0.03590179
0.04145284 0.02408714 -0.03758241
0.03855367 0.02322463 -0.03901549
0.03502459 0.02246668 -0.03991533
0.03139067 0.02213602 -0.04008849
-0.05240225 0.02245715 -0.02934786
-0.05165947 0.01941063 -0.03062092
-0.04991283 0.01711393 -0.03282957
-0.04687418 0.01548067 -0.03492199
-0.04324539 0.01484535 -0.03642473
-0.03922152 0.01442893 -0.03759067
-0.03498206 0.01434241 -0.03841149
-0.03076978 0.01453194 -0.03893191
-0.02702757 0.01523937 -0.03911457
-0.02368104 0.01619731 -0.03904132
-0.02057855 0.01755657 -0.03918308
-0.01773492 0.01929359 -0.03932703
-0.01415579 0.02303603 -0.03894781
-0.01387526 0.02804995 -0.03968041
-0.0168145 0.03243811 -0.04070417
-0.02255098 0.03416571 -0.04164031
-0.02699441 0.035163 -0.04234448
-0.03169336 0.03568324 -0.04273289
-0.03658336 0.03549311 -0.04217163
-0.04111671 0.03457289 -0.04066002
-0.04495503 0.03274493 -0.03825034
-0.04765207 0.03079435 -0.0353359
-0.04963022 0.02827048 -0.03252296
-0.05164631 0.02554874 -0.02993581
0.05001519 0.0285576 -0.0324738
0.05201908 0.02583878 -0.02987546
0.05275677 0.02274268 -0.02931295
0.05201061 0.0196904 -0.0306354
0.05025402 0.0173774 -0.03290642
0.04721661 0.01573116 -0.03506284
0.04358903 0.01508308 -0.03660969
0.03955059 0.01466082 -0.03781362
0.03530059 0.01457575 -0.03867198
0.03107725 0.01476855 -0.03922696
0.02731489 0.01547119 -0.03942441
0.02394024 0.01641286 -0.03932223
0.02078258 0.0177347 -0.03936747
0.01788928 0.01944184 -0.03942478
0.01426885 0.0231436 -0.03897661
0.01400652 0.02816842 -0.03976433
0.01703891 0.03260282 -0.04090469
0.0229279 0.03439435 -0.04195508
0.02741271 0.03543366 -0.04266062
0.0321177 0.0359608 -0.04300513
0.03698844 0.03576653 -0.0423912
0.04150688 0.03484117 -0.04081349
0.04534148 0.03300884 -0.03832372
0.04803376 0.03106634 -0.03534059
-0.04532334 0.02446268 -0.03330898
-0.04468683 0.02379567 -0.0339167
-0.04320456 0.02328197 -0.03534507
-0.04100072 0.02255694 -0.0369602
-0.03784365 0.02180001 -0.03846044
-0.03409808 0.02110273 -0.03925787
-0.03072994 0.02075696 -0.03943112
-0.027616 0.02112848 -0.03911771
-0.02494222 0.02187667 -0.03869932
-0.02240107 0.0227337 -0.0383812
-0.02027653 0.02352756 -0.03818462
-0.01785563 0.0243683 -0.03803178
-0.01925902 0.02676884 -0.03889782
-0.02148229 0.02852333 -0.03926263
-0.02354605 0.02947396 -0.03990399
-0.02667832 0.02975673 -0.04074555
-0.02966293 0.02961582 -0.04126617
-0.03284356 0.02953001 -0.04109886
-0.03612753 0.0292755 -0.04033762
-0.03956331 0.02867053 -0.03891607
-0.04205699 0.02782409 -0.03723647
-0.0438554 0.02703998 -0.03558246
-0.0452028 0.02635661 -0.03399716
-0.04571733 0.02536716 -0.03305291
0.04621045 0.02565376 -0.03297754
0.04570997 0.02663632 -0.03390545
0.04442032 0.02728685 -0.03546868
0.04268469 0.02803119 -0.03711568
0.04026478 0.02884159 -0.0388079
0.03695618 0.0294347 -0.04030844
0.0337803 0.02971636 -0.04122321
0.03061532 0.02986202 -0.04156399
0.02752746 0.03004222 -0.0411689
0.0242586 0.02972033 -0.04033908
0.02203141 0.02872231 -0.03962521
0.01960621 0.0269093 -0.03908431
0.01811153 0.02448167 -0.03804871
0.02058536 0.02369004 -0.03819769
0.02277989 0.02293053 -0.03847767
0.02541451 0.02211704 -0.03890271
0.02817166 0.02139543 -0.03938217
0.03135641 0.02101645 -0.03966841
0.0347706 0.02133198 -0.03941463
0.03852334 0.02200856 -0.03853277
0.0416634 0.022771 -0.03697158
0.04382988 0.02351083 -0.03531228
0.04524834 0.02404837 -0.03386759
0.04585004 0.02473447 -0.03324653
0.009649814 -0.01551672 -0.05399751
-0.01004174 -0.01562418 -0.0540367
-0.02258828 -0.05940183 -0.04142495
-0.02142837 -0.06275018 -0.04234181
-0.02445303 -0.05635215 -0.04075227
0.0246954 -0.05590797 -0.04073075
0.0228867 -0.05901862 -0.04133827
0.02178037 -0.06243503 -0.04220748
-0.07242399 -0.02318721 0.02380813
-0.07091215 -0.0316562 0.02372625
-0.06762722 -0.0445659 0.02321178
-0.06153217 -0.06056637 0.01691354
-0.0162003 -0.06023458 -0.04414317
0.0166219 -0.05993267 -0.04409261
0.01845566 -0.06055232 -0.04424855