46 1202 45
46 1201 1202
43 1201 46
43 1200 1201
48 1198 41
48 1197 1198
49 1197 48
49 1196 1197
53 1189 1190
53 52 1189
56 1186 54
56 1185 1186
57 1185 56
57 1184 1185
91 1 84
91 2 1
101 86 85
101 100 86
103 85 102
103 101 85
192 59 113
192 110 59
30 261 31
30 262 261
146 135 147
146 134 135
139 134 146
139 145 134
66 149 65
66 148 149
158 14 159
158 13 14
1191 53 1190
1191 170 53
410 173 174
410 409 173
411 174 175
411 410 174
412 175 176
412 411 175
177 412 176
177 413 412
182 149 181
182 65 149
182 403 402
182 181 403
183 65 182
183 64 65
183 402 401
183 182 402
184 401 400
184 183 401
63 183 184
63 64 183
185 400 399
185 184 400
186 399 398
186 185 399
260 31 261
260 32 31
116 119 111
116 120 119
124 120 117
124 1213 120
192 112 110
192 193 112
193 111 112
193 116 111
195 120 116
195 117 120
196 116 193
196 195 116
194 193 192
194 196 193
262 270 261
262 271 270
280 117 281
280 124 117
199 166 165
199 202 166
198 200 199
198 163 200
201 199 200
201 202 199
202 133 166
202 167 133
429 7 127
429 38 7
430 127 126
430 429 127
431 126 72
431 430 126
432 72 73
432 431 72
186 102 185
186 103 102
292 102 85
292 63 102
63 185 102
63 184 185
206 65 64
206 66 65
228 200 229
228 201 200
230 200 163
230 229 200
210 231 211
210 232 231
238 24 23
238 94 24
239 98 96
239 240 98
241 98 240
241 106 98
242 106 241
242 107 106
243 107 242
243 104 107
244 104 243
244 188 104
396 188 244
396 395 188
278 122 247
278 277 122
273 290 289
273 274 290
264 274 273
264 265 274
264 27 265
264 28 27
265 26 266
265 27 26
265 275 274
265 266 275
274 291 290
274 275 291
122 276 248
122 277 276
248 1219 122
248 249 1219
254 107 253
254 106 107
255 106 254
255 98 106
96 255 256
96 98 255
94 25 24
94 257 25
290 276 277
290 291 276
289 277 278
289 290 277
287 281 286
287 280 281
59 114 113
59 60 114
204 81 143
204 68 81
1157 57 56
1157 1134 57
1156 56 54
1156 1157 56
1152 52 53
1152 1153 52
162 1152 208
162 1153 1152
1151 53 170
1151 1152 53
208 1151 171
208 1152 1151
1145 49 48
1145 1146 49
1144 48 41
1144 1145 48
1141 43 46
1141 1142 43
1140 46 45
1140 1141 46
299 141 144
299 295 141
142 144 141
142 138 144
11 157 10
11 303 157
161 145 136
161 134 145
50 134 161
50 135 134
292 64 63
292 206 64
297 85 86
297 292 85
99 71 90
99 92 71
295 143 141
295 204 143
92 84 71
92 91 84
94 239 96
94 238 239
257 96 256
257 94 96
1219 306 307
1219 249 306
407 190 245
407 406 190
190 405 250
190 406 405
251 395 394
251 188 395
252 188 251
252 104 188
253 104 252
253 107 104
93 23 22
93 238 23
93 2 91
93 22 2
95 238 93
95 239 238
95 91 92
95 93 91
97 239 95
97 240 239
97 92 99
97 95 92
109 240 97
109 241 240
86 99 90
86 100 99
99 109 97
99 100 109
108 241 109
108 242 241
101 109 100
101 108 109
105 242 108
105 243 242
103 108 101
103 105 108
186 105 103
186 187 105
187 243 105
187 244 243
397 244 187
397 396 244
398 187 186
398 397 187
408 245 191
408 407 245
1220 307 246
1220 1219 307
1213 123 121
1213 124 123
1220 122 1219
1220 247 122
279 247 123
279 278 247
280 123 124
280 279 123
288 278 279
288 289 278
287 279 280
287 288 279
270 287 286
270 271 287
272 289 288
272 273 289
271 288 287
271 272 288
263 273 272
263 264 273
263 271 262
263 272 271
29 264 263
29 28 264
30 263 262
30 29 263
89 90 71
89 87 90
294 71 84
294 89 71
3 84 1
3 294 84
297 90 87
297 86 90
297 206 292
297 310 206
310 66 206
310 311 66
312 66 311
312 148 66
321 148 312
321 151 148
439 311 310
439 438 311
441 297 87
441 440 297
297 439 310
297 440 439
309 205 313
309 298 205
139 305 145
139 282 305
304 316 317
304 140 316
318 282 139
318 315 282
138 317 144
138 302 317
315 140 282
315 314 140
312 438 437
312 311 438
140 305 282
140 304 305
137 145 305
137 136 145
300 317 302
300 304 317
304 137 305
304 300 137
366 303 301
366 364 303
13 301 12
13 158 301
301 11 12
301 303 11
67 207 298
67 69 207
69 204 207
69 68 204
69 70 68
69 1206 70
88 298 309
88 67 298
308 87 89
308 441 87
321 437 436
321 312 437
319 139 146
319 318 139
320 146 147
320 319 146
42 1144 41
42 1143 1144
1198 42 41
1198 1199 42
436 322 321
436 435 322
435 323 322
435 434 323
43 1143 42
43 1142 1143
324 89 294
324 308 89
324 3 4
324 294 3
299 317 316
299 144 317
293 140 314
293 316 140
203 204 295
203 207 204
205 207 203
205 298 207
326 205 203
326 293 205
203 299 326
203 295 299
314 205 293
314 313 205
299 293 326
299 316 293
1199 43 42
1199 1200 43
51 1189 52
51 1188 1189
51 1187 1188
51 55 1187
327 199 165
327 198 199
1153 51 52
1153 1154 51
164 1153 162
164 1154 1153
329 162 208
329 328 162
160 232 210
160 233 232
329 211 328
329 210 211
335 230 163
335 334 230
335 231 334
335 211 231
336 163 198
336 335 163
328 335 336
328 211 335
164 328 336
164 162 328
55 1156 54
55 1155 1156
1154 55 51
1154 1155 55
164 198 327
164 336 198
1186 55 54
1186 1187 55
194 113 197
194 192 113
197 114 115
197 113 114
35 345 36
35 258 345
269 259 260
269 268 259
32 259 33
32 260 259
34 259 347
34 33 259
34 258 35
34 347 258
268 347 259
268 346 347
285 281 337
285 286 281
117 337 281
117 195 337
338 195 196
338 337 195
339 196 194
339 338 196
341 115 342
341 197 115
339 197 341
339 194 197
284 337 338
284 285 337
340 338 339
340 284 338
283 339 341
283 340 339
343 341 342
343 283 341
269 286 285
269 270 286
269 261 270
269 260 261
268 285 284
268 269 285
340 268 284
340 346 268
267 347 346
267 258 347
267 340 283
267 346 340
344 258 267
344 345 258
344 283 343
344 267 283
1150 170 172
1150 1151 170
171 1150 169
171 1151 1150
170 1192 172
170 1191 1192
49 1147 427
49 1146 1147
1139 45 44
1139 1140 45
172 1193 358
172 1192 1193
357 1139 44
357 1138 1139
358 1150 172
358 1149 1150
365 159 362
365 158 159
363 303 364
363 157 303
366 158 365
366 301 158
130 363 373
130 157 363
129 72 126
129 375 72
128 126 127
128 129 126
128 373 129
128 130 373
9 157 130
9 10 157
8 127 7
8 128 127
8 130 128
8 9 130
379 1138 378
379 1139 1138
379 1140 1139
379 380 1140
380 1141 1140
380 381 1141
381 1142 1141
381 382 1142
383 1142 382
383 1143 1142
383 1144 1143
383 384 1144
384 1145 1144
384 385 1145
385 1146 1145
385 386 1146
387 1146 386
387 1147 1146
154 379 156
154 380 379
155 380 154
155 381 380
323 381 155
323 382 381
383 323 434
383 382 323
385 320 147
385 384 320
160 234 233
160 350 234
15 159 14
15 388 159
388 37 428
388 15 37
368 159 388
368 362 159
330 208 171
330 329 208
348 360 361
348 169 360
428 368 388
428 367 368
330 210 329
330 160 210
421 169 348
421 349 169
19 423 422
19 20 423
16 348 361
16 17 348
350 330 349
350 160 330
18 348 17
18 421 348
18 422 421
18 19 422
1202 44 45
1202 1203 44
378 1137 389
378 1138 1137
390 389 354
390 378 389
379 390 156
379 378 390
394 190 250
394 395 190
245 395 396
245 190 395
191 396 397
191 245 396
189 397 398
189 191 397
189 399 173
189 398 399
399 174 173
399 400 174
400 175 174
400 401 175
401 176 175
401 402 176
402 177 176
402 403 177
307 405 406
307 306 405
246 406 407
246 307 406
118 407 408
118 246 407
408 1212 118
408 1211 1212
1211 119 1212
1211 409 119
111 409 410
111 119 409
112 410 411
112 111 410
110 411 412
110 112 411
59 412 413
59 110 412
60 413 414
60 59 413
420 133 167
420 419 133
1134 418 57
1134 1135 418
1203 357 44
1203 1204 357
357 1205 417
357 1204 1205
417 1138 357
417 1137 1138
1183 57 418
1183 1184 57
1195 49 427
1195 1196 49
349 171 169
349 330 171
422 234 350
422 423 234
421 350 349
421 422 350
361 367 428
361 360 367
361 37 16
361 428 37
384 434 320
384 383 434
319 434 435
319 320 434
318 435 436
318 319 435
436 315 318
436 437 315
437 314 315
437 438 314
313 438 439
313 314 438
309 439 440
309 313 439
88 440 441
88 309 440
442 441 308
442 88 441
442 67 88
442 443 67
443 69 67
443 1206 69
135 387 386
135 50 387
386 147 135
386 385 147
152 321 322
152 151 321
322 155 152
322 323 155
150 148 151
150 149 148
180 149 150
180 181 149
403 180 404
403 181 180
178 413 177
178 414 413
178 403 404
178 177 403
153 155 154
153 152 155
448 151 152
448 150 151
355 154 156
355 153 154
450 180 449
450 404 180
449 150 448
449 180 150
453 448 452
453 449 448
448 153 452
448 152 153
452 355 456
452 153 355
356 419 420
356 416 419
356 389 416
356 354 389
1135 47 418
1135 1136 47
47 1137 417
47 1136 1137
1205 47 417
1205 1182 47
1182 418 47
1182 1183 418
1195 359 1194
1195 427 359
359 1193 1194
359 358 1193
359 1149 358
359 1148 1149
1147 359 427
1147 1148 359
433 1149 1148
433 360 1149
367 433 371
367 360 433
433 1147 387
433 1148 1147
50 372 371
50 161 372
371 387 50
371 433 387
369 161 136
369 372 161
368 371 372
368 367 371
136 370 369
136 137 370
369 368 372
369 362 368
365 369 370
365 362 369
137 447 370
137 300 447
446 300 302
446 447 300
447 365 370
447 366 365
445 302 138
445 446 302
446 366 447
446 364 366
374 138 142
374 445 138
363 446 445
363 364 446
142 143 83
142 141 143
83 374 142
83 375 374
373 445 374
373 363 445
374 129 373
374 375 129
235 202 201
235 167 202
179 356 376
179 354 356
390 179 391
390 354 179
355 390 391
355 156 390
179 459 460
179 376 459
456 391 457
456 355 391
391 460 464
391 179 460
457 464 470
457 391 464
420 235 236
420 167 235
236 475 476
236 235 475
376 420 236
376 356 420
476 376 236
476 459 376
475 201 228
475 235 201
458 470 471
458 457 470
451 404 450
451 178 404
415 178 451
415 414 178
480 415 451
480 479 415
450 453 454
450 449 453
480 450 454
480 451 450
455 457 458
455 456 457
453 456 455
453 452 456
481 480 482
481 479 480
484 458 477
484 455 458
477 471 461
477 458 471
485 481 482
485 483 481
484 480 454
484 482 480
477 482 484
477 485 482
484 453 455
484 454 453
477 483 485
477 461 483
80 68 70
80 81 68
83 81 82
83 143 81
82 375 83
82 72 375
444 72 82
444 73 72
444 81 80
444 82 81
325 4 5
325 324 4
125 38 429
125 6 38
39 125 486
39 6 125
325 39 486
325 5 39
76 429 430
76 125 429
77 324 325
77 308 324
487 325 486
487 77 325
487 125 76
487 486 125
74 430 431
74 76 430
78 308 77
78 442 308
488 77 487
488 78 77
488 76 74
488 487 76
75 431 432
75 74 431
79 442 78
79 443 442
489 78 488
489 79 78
489 74 75
489 488 74
474 475 237
474 476 475
467 237 215
467 474 237
946 40 468
946 947 40
950 168 949
950 214 168
218 223 224
218 217 223
224 229 230
224 223 229
952 331 951
952 213 331
333 231 225
333 334 231
951 214 950
951 331 214
332 224 333
332 218 224
333 219 332
333 225 219
333 230 334
333 224 230
351 233 234
351 227 233
352 227 351
352 221 227
353 954 955
353 132 954
61 414 415
61 60 414
351 423 424
351 234 423
956 353 955
956 426 353
424 20 1042
424 423 20
1023 424 1042
1023 425 424
425 351 424
425 352 351
956 21 426
956 957 21
483 392 462
483 461 392
463 929 906
463 928 929
936 929 928
936 937 929
462 481 483
462 62 481
463 927 928
463 393 927
468 969 946
468 58 969
1024 946 969
1024 467 946
459 474 473
459 476 474
460 473 472
460 459 473
209 932 296
209 931 932
466 464 465
466 470 464
939 932 931
939 940 932
464 472 465
464 460 472
918 923 919
918 999 923
917 999 918
917 998 999
998 916 997
998 917 916
948 40 947
948 131 40
237 228 222
237 475 228
948 168 131
948 949 168
222 217 216
222 223 217
215 222 216
215 237 222
222 229 223
222 228 229
954 212 953
954 132 212
226 233 227
226 232 233
212 952 953
212 213 952
220 225 226
220 219 225
226 221 220
226 227 221
226 231 232
226 225 231
919 924 920
919 923 924
990 923 989
990 924 923
920 925 921
920 924 925
209 930 931
209 905 930
471 466 469
471 470 466
905 929 930
905 906 929
938 929 937
938 930 929
938 931 930
938 939 931
469 461 471
469 392 461
997 915 996
997 916 915
393 926 927
393 922 926
478 481 62
478 479 481
922 925 926
922 921 925
934 925 933
934 926 925
934 927 926
934 935 927
478 415 479
478 61 415
296 968 377
296 932 968
377 969 58
377 968 969
1190 1095 1094
1190 1189 1095
1196 1087 1197
1196 1088 1087
1198 1087 1086
1198 1197 1087
1199 1086 1109
1199 1198 1086
1199 1108 1200
1199 1109 1108
1200 1107 1201
1200 1108 1107
1202 1107 1106
1202 1201 1107
1203 1106 1105
1203 1202 1106
1204 1105 1104
1204 1203 1105
1205 1104 1103
1205 1204 1104
1182 1103 1102
1182 1205 1103
1182 1101 1183
1182 1102 1101
1183 1100 1184
1183 1101 1100
1186 1097 1187
1186 1098 1097
1166 491 1165
1166 498 491
1166 499 498
1166 1167 499
1162 495 1161
1162 496 495
1162 493 496
1162 1163 493
1178 504 1177
1178 506 504
507 1180 848
507 1179 1180
1178 507 506
1178 1179 507
1174 503 1173
1174 502 503
503 1172 1173
503 619 1172
502 1126 503
502 1127 1126
507 1131 506
507 1132 1131
1 540 533
1 2 540
535 550 534
535 549 550
534 552 551
534 550 552
508 641 562
508 559 641
696 30 31
696 697 30
584 595 596
584 583 595
583 588 595
583 594 588
598 515 514
598 597 515
14 607 608
14 13 607
503 1125 619
503 1126 1125
622 840 623
622 839 840
623 841 624
623 840 841
624 842 625
624 841 842
842 626 625
842 843 626
598 631 630
598 514 631
833 631 832
833 630 631
514 632 631
514 513 632
832 632 831
832 631 632
831 633 830
831 632 633
632 512 633
632 513 512
830 634 829
830 633 634
829 635 828
829 634 635
31 695 696
31 32 695
568 1210 1208
568 839 1210
568 565 560
568 569 565
561 641 559
561 642 641
560 642 561
560 565 642
569 644 565
569 566 644
565 645 642
565 644 645
642 643 641
642 645 643
705 697 696
705 706 697
566 715 716
566 573 715
615 648 614
615 651 648
649 647 648
649 612 647
648 650 649
648 651 650
582 651 615
582 616 651
7 857 576
7 38 857
576 858 575
576 857 858
575 859 521
575 858 859
521 860 522
521 859 860
1172 621 1171
1172 619 621
551 635 634
551 552 635
551 727 534
551 512 727
634 512 551
634 633 512
514 655 513
514 515 655
649 663 664
649 650 663
649 665 612
649 664 665
666 658 659
666 667 658
24 672 23
24 543 672
547 673 545
547 674 673
547 675 674
547 555 675
555 676 675
555 556 676
556 677 676
556 553 677
553 678 677
553 637 678
637 826 678
637 825 826
682 1218 571
682 681 1218
571 713 682
571 712 713
725 708 724
725 709 708
709 699 708
709 700 699
27 699 700
27 28 699
26 700 701
26 27 700
710 700 709
710 701 700
726 709 725
726 710 709
711 571 683
711 712 571
556 689 688
556 555 689
555 690 689
555 547 690
690 545 691
690 547 545
25 543 24
25 692 543
711 725 712
711 726 725
712 724 713
712 725 724
716 722 721
716 715 722
563 508 562
563 509 508
530 653 592
530 517 653
615 1132 582
615 1131 1132
615 1130 1131
615 614 1130
506 1130 504
506 1131 1130
1127 657 1126
1127 611 657
1126 620 1125
1126 657 620
499 1119 498
499 1120 1119
1120 816 1119
1120 817 816
498 1118 491
498 1119 1118
1119 815 1118
1119 816 815
493 1115 496
493 1116 1115
1116 812 1115
1116 813 812
496 1114 495
496 1115 1114
1115 811 1114
1115 812 811
495 1113 494
495 1114 1113
590 734 593
590 730 734
593 591 590
593 587 591
606 11 10
606 738 11
594 610 585
594 583 610
583 500 610
583 584 500
513 727 512
513 655 727
534 732 535
534 727 732
520 548 539
520 541 548
592 730 590
592 653 730
533 541 520
533 540 541
673 543 545
673 672 543
545 692 691
545 543 692
741 1218 742
741 684 1218
1218 680 742
1218 681 680
639 837 679
639 836 837
835 639 685
835 836 639
825 686 824
825 637 686
637 687 686
637 553 687
553 688 687
553 556 688
23 542 22
23 672 542
2 542 540
2 22 542
672 544 542
672 673 544
540 544 541
540 542 544
673 546 544
673 674 546
541 546 548
541 544 546
674 558 546
674 675 558
548 535 539
548 549 535
558 548 546
558 549 548
675 557 558
675 676 557
558 550 549
558 557 550
676 554 557
676 677 554
557 552 550
557 554 552
554 635 552
554 636 635
677 636 554
677 678 636
678 827 636
678 826 827
636 828 635
636 827 828
679 838 640
679 837 838
622 1210 839
622 638 1210
640 1210 638
640 838 1210
680 570 567
680 681 570
1208 838 567
1208 1210 838
681 572 570
681 682 572
682 714 572
682 713 714
572 715 573
572 714 715
713 723 714
713 724 723
714 722 715
714 723 722
722 705 721
722 706 705
724 707 723
724 708 707
723 706 722
723 707 706
708 698 707
708 699 698
706 698 697
706 707 698
699 29 698
699 28 29
698 30 697
698 29 30
539 538 520
539 536 538
520 729 533
520 538 729
533 3 1
533 729 3
539 732 536
539 535 732
655 732 727
655 745 732
515 745 655
515 746 745
515 747 746
515 597 747
597 756 747
597 600 756
746 867 745
746 866 867
732 869 536
732 868 869
867 732 745
867 868 732
654 744 748
654 733 744
740 588 594
740 717 588
751 739 752
751 589 739
717 753 588
717 750 753
752 587 593
752 737 587
589 750 717
589 749 750
866 747 865
866 746 747
740 589 717
740 739 589
594 586 740
594 585 586
752 735 737
752 739 735
586 739 740
586 735 739
738 797 736
738 795 797
736 13 12
736 607 13
11 736 12
11 738 736
656 516 733
656 518 516
653 518 656
653 517 518
733 537 744
733 516 537
536 743 538
536 869 743
865 756 864
865 747 756
588 754 595
588 753 754
595 755 596
595 754 755
1118 814 1117
1118 815 814
491 1164 1165
491 492 1164
757 864 756
757 863 864
758 863 757
758 862 863
1116 814 813
1116 1117 814
492 1163 1164
492 493 1163
538 759 729
538 743 759
3 759 4
3 729 759
752 734 751
752 593 734
589 728 749
589 751 728
653 652 730
653 656 652
656 654 652
656 733 654
654 761 652
654 728 761
734 652 761
734 730 652
654 749 728
654 748 749
728 734 761
728 751 734
1176 501 1175
1176 505 501
1174 501 502
1174 1175 501
614 1129 1130
614 762 1129
648 762 614
648 647 762
505 1128 501
505 1129 1128
502 1128 1127
502 501 1128
1127 613 611
1127 1128 613
611 764 657
611 763 764
667 609 658
667 668 609
659 764 763
659 658 764
665 768 612
665 767 768
666 768 767
666 659 768
612 769 647
612 768 769
768 763 769
768 659 763
763 613 769
763 611 613
613 1129 762
613 1128 1129
647 613 762
647 769 613
504 1176 1177
504 505 1176
562 643 646
562 641 643
563 646 564
563 562 646
778 35 36
778 693 35
694 704 695
694 703 704
694 32 33
694 695 32
694 34 780
694 33 34
693 34 35
693 780 34
780 703 694
780 779 703
716 720 770
716 721 720
770 566 716
770 644 566
644 771 645
644 770 771
645 772 643
645 771 772
564 774 775
564 646 774
646 772 774
646 643 772
770 719 771
770 720 719
771 773 772
771 719 773
772 718 774
772 773 718
774 776 775
774 718 776
721 704 720
721 705 704
696 704 705
696 695 704
720 703 719
720 704 703
703 773 719
703 779 773
780 702 779
780 693 702
773 702 718
773 779 702
693 777 702
693 778 777
718 777 776
718 702 777
619 1124 621
619 1125 1124
1125 618 1124
1125 620 618
499 1168 855
499 1167 1168
1120 818 817
1120 1121 818
1114 810 1113
1114 811 810
495 1160 1161
495 494 1160
1171 789 1170
1171 621 789
618 1123 1124
618 791 1123
1113 809 1112
1113 810 809
507 1133 1132
507 848 1133
788 1160 494
788 1159 1160
608 796 793
608 607 796
738 794 795
738 606 794
607 797 796
607 736 797
794 579 804
794 606 579
521 578 575
521 806 578
575 577 576
575 578 577
804 577 578
804 579 577
606 9 579
606 10 9
576 8 7
576 577 8
579 8 577
579 9 8
810 603 605
810 811 603
811 604 603
811 812 604
812 758 604
812 813 758
758 814 862
758 813 814
755 816 596
755 815 816
669 609 668
669 783 609
608 15 14
608 819 15
37 819 856
37 15 819
608 799 819
608 793 799
657 765 620
657 764 765
791 781 792
791 618 781
799 856 819
799 798 856
658 765 764
658 609 765
618 851 781
618 782 851
853 19 852
853 20 19
781 16 792
781 17 16
765 783 782
765 609 783
781 18 17
781 851 18
852 18 851
852 19 18
1112 820 1111
1112 809 820
820 821 785
820 809 821
821 810 605
821 809 810
639 824 685
639 825 824
825 679 826
825 639 679
826 640 827
826 679 640
827 638 828
827 640 638
829 638 622
829 828 638
623 829 622
623 830 829
624 830 623
624 831 830
625 831 624
625 832 831
626 832 625
626 833 832
835 742 836
835 741 742
836 680 837
836 742 680
837 567 838
837 680 567
839 560 840
839 568 560
840 561 841
840 560 561
841 559 842
841 561 559
842 508 843
842 559 508
843 509 844
843 508 509
582 850 616
582 849 850
582 1133 849
582 1132 1133
1159 847 1158
1159 788 847
620 782 618
620 765 782
669 852 783
669 853 852
783 851 782
783 852 851
798 792 856
798 791 792
37 792 16
37 856 792
862 815 755
862 814 815
862 754 863
862 755 754
863 753 864
863 754 753
750 864 753
750 865 864
749 865 750
749 866 865
866 748 867
866 749 748
867 744 868
867 748 744
868 537 869
868 744 537
869 870 743
869 537 870
516 870 537
516 871 870
818 584 817
818 500 584
596 817 584
596 816 817
756 601 757
756 600 601
604 757 601
604 758 757
597 599 600
597 598 599
598 629 599
598 630 629
629 833 834
629 630 833
843 627 626
843 844 627
833 627 834
833 626 627
604 602 603
604 601 602
600 876 601
600 599 876
603 786 605
603 602 786
629 878 877
629 834 878
599 877 876
599 629 877
876 881 880
876 877 881
602 876 880
602 601 876
786 880 884
786 602 880
849 787 850
849 846 787
849 1110 846
849 1133 1110
820 787 846
820 785 787
820 1110 1111
820 846 1110
848 1110 1133
848 497 1110
847 1181 1158
847 497 1181
848 1181 497
848 1180 1181
1170 790 1169
1170 789 790
790 1168 1169
790 855 1168
855 1122 1121
855 790 1122
1123 861 1122
1123 791 861
1121 861 818
1121 1122 861
861 798 802
861 791 798
803 500 802
803 610 500
818 802 500
818 861 802
610 800 585
610 803 800
802 799 803
802 798 799
801 585 800
801 586 585
799 800 803
799 793 800
800 796 801
800 793 796
875 586 801
875 735 586
735 874 737
735 875 874
796 875 801
796 797 875
737 873 587
737 874 873
797 874 875
797 795 874
587 805 591
587 873 805
874 794 873
874 795 794
592 591 532
592 590 591
805 532 591
805 806 532
873 804 805
873 794 804
578 805 804
578 806 805
651 670 650
651 616 670
787 628 807
787 785 628
628 821 822
628 785 821
821 786 822
821 605 786
1047 628 1046
1047 807 628
822 884 885
822 786 884
1046 822 1045
1046 628 822
1045 885 1044
1045 822 885
670 850 671
670 616 850
890 671 891
890 670 671
850 807 671
850 787 807
1047 671 807
1047 891 671
650 890 663
650 670 890
1044 886 1043
1044 885 886
834 879 878
834 627 879
627 845 879
627 844 845
845 895 879
845 894 895
881 878 882
881 877 878
878 895 882
878 879 895
885 883 886
885 884 883
884 881 883
884 880 881
895 896 897
895 894 896
886 899 892
886 883 899
1043 892 887
1043 886 892
896 900 897
896 898 900
895 899 882
895 897 899
897 892 899
897 900 892
881 899 883
881 882 899
898 892 900
898 887 892
517 529 519
517 530 529
530 532 531
530 592 532
806 531 532
806 521 531
521 872 531
521 522 872
530 872 529
530 531 872
4 760 5
4 759 760
38 574 857
38 6 574
574 39 901
574 6 39
39 760 901
39 5 760
857 525 858
857 574 525
759 526 760
759 743 526
760 902 901
760 526 902
574 902 525
574 901 902
858 523 859
858 525 523
743 527 526
743 870 527
526 903 902
526 527 903
525 903 523
525 902 903
859 524 860
859 523 524
870 528 527
870 871 528
527 904 903
527 528 904
523 904 524
523 903 904
1032 891 1031
1032 890 891
490 944 889
490 943 944
617 964 965
617 662 964
1016 1034 1015
1016 1035 1034
664 1035 665
664 1034 1035
766 962 963
766 661 962
1037 767 1036
1037 666 767
662 963 964
662 766 963
1016 1036 1035
1016 1017 1036
665 1036 767
665 1035 1036
668 1040 669
668 1039 1040
960 784 959
960 581 784
844 510 845
844 509 510
1041 669 1040
1041 853 669
784 958 959
784 854 958
1042 853 1041
1042 20 853
21 958 854
21 957 958
1025 898 888
1025 887 898
1059 888 1058
1059 1025 888
896 888 898
896 511 888
1012 1030 1011
1012 1031 1030
1011 1029 1010
1011 1030 1029
1009 1029 1028
1009 1010 1029
1053 972 1052
1053 971 972
1051 974 983
1051 973 974
490 942 943
490 580 942
1033 890 1032
1033 663 890
617 942 580
617 965 942
1014 1034 1033
1014 1015 1034
1034 663 1033
1034 664 663
660 960 961
660 581 960
1039 667 1038
1039 668 667
962 660 961
962 661 660
1018 1038 1037
1018 1019 1038
666 1038 667
666 1037 1038
1053 970 971
1053 1054 970
1059 1026 1025
1059 1060 1026
974 984 983
974 975 984
983 995 994
983 984 995
1056 511 893
1056 1057 511
896 893 511
896 894 893
510 1056 893
510 1055 1056
845 893 894
845 510 893
1007 823 1006
1007 907 823
907 1008 908
907 1007 1008
908 991 909
908 1008 991
909 992 910
909 991 992
910 993 911
910 992 993
912 993 945
912 911 993
994 912 945
994 913 912
995 913 994
995 914 913
808 1001 731
808 1000 1001
925 990 933
925 924 990
927 936 928
927 935 936
1052 973 1051
1052 972 973
1058 511 1057
1058 888 511
934 61 478
934 933 61
934 62 935
934 478 62
462 935 62
462 936 935
392 936 462
392 937 936
938 392 469
938 937 392
938 466 939
938 469 466
939 465 940
939 466 465
940 472 941
940 465 472
943 1014 1013
943 942 1014
946 215 947
946 467 215
216 947 215
216 948 947
948 217 949
948 216 217
218 949 217
218 950 949
332 950 218
332 951 950
219 951 332
219 952 951
953 219 220
953 952 219
221 953 220
221 954 953
955 221 352
955 954 221
425 955 352
425 956 955
957 425 1023
957 956 425
959 1022 1021
959 958 1022
960 1019 961
960 1020 1019
962 1019 1018
962 961 1019
962 1017 963
962 1018 1017
964 1017 1016
964 963 1017
964 1015 965
964 1016 1015
965 1014 942
965 1015 1014
944 1011 966
944 1012 1011
889 966 967
889 944 966
967 1000 808
967 966 1000
968 940 941
968 932 940
968 1024 969
968 941 1024
509 970 510
509 563 970
970 564 971
970 563 564
971 775 972
971 564 775
972 776 973
972 775 776
973 777 974
973 776 777
974 778 975
974 777 778
975 36 976
975 778 36
976 345 977
976 36 345
977 344 978
977 345 344
978 343 979
978 344 343
979 342 980
979 343 342
980 115 981
980 342 115
981 114 982
981 115 114
982 60 61
982 114 60
985 978 986
985 977 978
986 979 987
986 978 979
987 980 988
987 979 980
989 980 981
989 988 980
990 981 982
990 989 981
990 61 933
990 982 61
996 986 997
996 985 986
997 987 998
997 986 987
998 988 999
998 987 988
999 989 923
999 988 989
966 1010 1000
966 1011 1010
1000 1009 1001
1000 1010 1009
1054 510 970
1054 1055 510
1012 943 1013
1012 944 943
1020 959 1021
1020 960 959
1022 957 1023
1022 958 957
941 473 1024
941 472 473
467 473 474
467 1024 473
1027 1060 1061
1027 1026 1060
1028 1061 1009
1028 1027 1061
1031 1013 1032
1031 1012 1013
1032 1014 1033
1032 1013 1014
1036 1018 1037
1036 1017 1018
1039 1019 1020
1039 1038 1019
1039 1021 1040
1039 1020 1021
1040 1022 1041
1040 1021 1022
1041 1023 1042
1041 1022 1023
1043 1025 1026
1043 887 1025
1044 1026 1027
1044 1043 1026
1045 1027 1028
1045 1044 1027
1046 1028 1029
1046 1045 1028
1046 1030 1047
1046 1029 1030
1047 1031 891
1047 1030 1031
914 1049 1048
914 995 1049
1048 996 915
1048 1049 996
995 1050 1049
995 984 1050
1049 985 996
1049 1050 985
984 976 1050
984 975 976
1050 977 985
1050 976 977
1051 994 945
1051 983 994
1052 945 993
1052 1051 945
1052 992 1053
1052 993 992
1053 991 1054
1053 992 991
1008 1054 991
1008 1055 1054
1055 1007 1056
1055 1008 1007
1057 1007 1006
1057 1056 1007
1057 1005 1058
1057 1006 1005
1058 1004 1059
1058 1005 1004
1059 1003 1060
1059 1004 1003
1061 1003 1002
1061 1060 1003
1009 1002 1001
1009 1061 1002
1063 1165 1164
1063 1062 1165
1064 1164 1163
1064 1063 1164
1065 1163 1162
1065 1064 1163
1066 1162 1161
1066 1065 1162
1067 1161 1160
1067 1066 1161
1068 1160 1159
1068 1067 1160
1068 1158 1069
1068 1159 1158
1069 1181 1070
1069 1158 1181
1071 1181 1180
1071 1070 1181
1072 1180 1179
1072 1071 1180
1073 1179 1178
1073 1072 1179
1073 1177 1074
1073 1178 1177
1075 1177 1176
1075 1074 1177
1075 1175 1076
1075 1176 1175
1077 1175 1174
1077 1076 1175
1078 1174 1173
1078 1077 1174
1078 1172 1079
1078 1173 1172
1079 1171 1080
1079 1172 1171
1080 1170 1081
1080 1171 1170
1081 1169 1082
1081 1170 1169
1083 1169 1168
1083 1082 1169
1084 1168 1167
1084 1083 1168
1085 1167 1166
1085 1084 1167
1062 1166 1165
1062 1085 1166
1111 497 847
1111 1110 497
1112 847 788
1112 1111 847
1113 788 494
1113 1112 788
1117 493 492
1117 1116 493
1118 492 491
1118 1117 492
1120 855 1121
1120 499 855
1123 790 789
1123 1122 790
1124 789 621
1124 1123 789
1130 505 504
1130 1129 505
1135 133 419
1135 1134 133
1136 419 416
1136 1135 419
1137 416 389
1137 1136 416
1150 360 169
1150 1149 360
1155 164 327
1155 1154 164
1156 327 165
1156 1155 327
1157 165 166
1157 1156 165
1134 166 133
1134 1157 166
1184 1099 1185
1184 1100 1099
1186 1099 1098
1186 1185 1099
1188 1097 1096
1188 1187 1097
1188 1095 1189
1188 1096 1095
1191 1094 1093
1191 1190 1094
1192 1093 1092
1192 1191 1093
1193 1092 1091
1193 1192 1092
1194 1091 1090
1194 1193 1091
1194 1089 1195
1194 1090 1089
1195 1088 1196
1195 1089 1088
518 871 516
518 1207 871
519 518 517
519 1207 518
75 80 489
75 444 80
872 860 524
872 522 860
75 73 444
75 432 73
70 443 79
70 1206 443
80 79 489
80 70 79
529 528 519
529 904 528
529 524 904
529 872 524
528 1207 519
528 871 1207
1208 570 1209
1208 567 570
568 1209 569
568 1208 1209
570 573 1209
570 572 573
569 573 566
569 1209 573
1211 191 189
1211 408 191
1211 173 409
1211 189 173
121 1212 1213
121 118 1212
1213 119 120
1213 1212 119
1002 731 1001
1002 1214 731
1003 1214 1002
1003 1215 1214
1215 1004 1216
1215 1003 1004
1005 1216 1004
1005 1217 1216
1006 1217 1005
1006 823 1217
1218 683 571
1218 684 683
121 246 118
121 1220 246
123 1220 121
123 247 1220